GPU time: 0.038240 ms
00210210210210210210210210210210210210210210210210210210210210210210210210210210210210210210210210210210210210210210210210210210
01000000000000000000000000000000000000000000000000000000000000000000000000000000000000000000000000000000000000000000000000000001
11000000000000000000000000000000000000000000000000000000000000000000000000000000000000000000000000000000000000000000000000000001
11000000000000000000000000000000000000000000000000000000000000000000000000000000000000000000000000000000000000000000000000000001
11000000000000000000000000000000000000000000000000000000000000000000000000000000000000000000000000000000000000000000000000000001
11000000000000000000000000000000000000000000000000000000000000000000000000000000000000000000000000000000000000000000000000000001
11000000000000000000000000000000000000000000000000000000000000000000000000000000000000000000000000000000000000000000000000000001
11000000000000000000000000000000000000000000000000000000000000000000000000000000000000000000000000000000000000000000000000000001
11000000000000000000000000000000000000000000000000000000000000000000000000000000000000000000000000000000000000000000000000000001
11000000000000000000000000000000000000000000000000000000000000000000000000000000000000000000000000000000000000000000000000000001
11000000000000000000000000000000000000000000000000000000000000000000000000000000000000000000000000000000000000000000000000000001
11000000000000000000000000000000000000000000000000000000000000000000000000000000000000000000000000000000000000000000000000000001
11000000000000000000000000000000000000000000000000000000000000000000000000000000000000000000000000000000000000000000000000000001
11000000000000000000000000000000000000000000000000000000000000000000000000000000000000000000000000000000000000000000000000000001
11000000000000000000000000000000000000000000000000000000000000000000000000000000000000000000000000000000000000000000000000000001
11000000000000000000000000000000000000000000000000000000000000000000000000000000000000000000000000000000000000000000000000000001
11000000000000000000000000000000000000000000000000000000000000000000000000000000000000000000000000000000000000000000000000000001
11000000000000000000000000000000000000000000000000000000000000000000000000000000000000000000000000000000000000000000000000000001
11000000000000000000000000000000000000000000000000000000000000000000000000000000000000000000000000000000000000000000000000000001
11000000000000000000000000000000000000000000000000000000000000000000000000000000000000000000000000000000000000000000000000000001
11000000000000000000000000000000000000000000000000000000000000000000000000000000000000000000000000000000000000000000000000000001
11000000000000000000000000000000000000000000000000000000000000000000000000000000000000000000000000000000000000000000000000000001
11000000000000000000000000000000000000000000000000000000000000000000000000000000000000000000000000000000000000000000000000000001
11000000000000000000000000000000000000000000000000000000000000000000000000000000000000000000000000000000000000000000000000000001
11000000000000000000000000000000000000000000000000000000000000000000000000000000000000000000000000000000000000000000000000000001
11000000000000000000000000000000000000000000000000000000000000000000000000000000000000000000000000000000000000000000000000000001
11000000000000000000000000000000000000000000000000000000000000000000000000000000000000000000000000000000000000000000000000000001
11000000000000000000000000000000000000000000000000000000000000000000000000000000000000000000000000000000000000000000000000000001
11000000000000000000000000000000000000000000000000000000000000000000000000000000000000000000000000000000000000000000000000000001
11000000000000000000000000000000000000000000000000000000000000000000000000000000000000000000000000000000000000000000000000000001
11000000000000000000000000000000000000000000000000000000000000000000000000000000000000000000000000000000000000000000000000000001
11000000000000000000000000000000000000000000000000000000000000000000000000000000000000000000000000000000000000000000000000000001
11000000000000000000000000000000000000000000000000000000000000000000000000000000000000000000000000000000000000000000000000000001
11000000000000000000000000000000000000000000000000000000000000000000000000000000000000000000000000000000000000000000000000000001
11000000000000000000000000000000000000000000000000000000000000000000000000000000000000000000000000000000000000000000000000000001
11000000000000000000000000000000000000000000000000000000000000000000000000000000000000000000000000000000000000000000000000000001
11000000000000000000000000000000000000000000000000000000000000000000000000000000000000000000000000000000000000000000000000000001
11000000000000000000000000000000000000000000000000000000000000000000000000000000000000000000000000000000000000000000000000000001
11000000000000000000000000000000000000000000000000000000000000000000000000000000000000000000000000000000000000000000000000000001
11000000000000000000000000000000000000000000000000000000000000000000000000000000000000000000000000000000000000000000000000000001
11000000000000000000000000000000000000000000000000000000000000000000000000000000000000000000000000000000000000000000000000000001
11000000000000000000000000000000000000000000000000000000000000000000000000000000000000000000000000000000000000000000000000000001
11000000000000000000000000000000000000000000000000000000000000000000000000000000000000000000000000000000000000000000000000000001
11000000000000000000000000000000000000000000000000000000000000000000000000000000000000000000000000000000000000000000000000000001
11000000000000000000000000000000000000000000000000000000000000000000000000000000000000000000000000000000000000000000000000000001
11000000000000000000000000000000000000000000000000000000000000000000000000000000000000000000000000000000000000000000000000000001
11000000000000000000000000000000000000000000000000000000000000000000000000000000000000000000000000000000000000000000000000000001
11000000000000000000000000000000000000000000000000000000000000000000000000000000000000000000000000000000000000000000000000000001
11000000000000000000000000000000000000000000000000000000000000000000000000000000000000000000000000000000000000000000000000000001
11000000000000000000000000000000000000000000000000000000000000000000000000000000000000000000000000000000000000000000000000000001
11000000000000000000000000000000000000000000000000000000000000000000000000000000000000000000000000000000000000000000000000000001
11000000000000000000000000000000000000000000000000000000000000000000000000000000000000000000000000000000000000000000000000000001
11000000000000000000000000000000000000000000000000000000000000000000000000000000000000000000000000000000000000000000000000000001
11000000000000000000000000000000000000000000000000000000000000000000000000000000000000000000000000000000000000000000000000000001
11000000000000000000000000000000000000000000000000000000000000000000000000000000000000000000000000000000000000000000000000000001
11000000000000000000000000000000000000000000000000000000000000000000000000000000000000000000000000000000000000000000000000000001
11000000000000000000000000000000000000000000000000000000000000000000000000000000000000000000000000000000000000000000000000000001
11000000000000000000000000000000000000000000000000000000000000000000000000000000000000000000000000000000000000000000000000000001
11000000000000000000000000000000000000000000000000000000000000000000000000000000000000000000000000000000000000000000000000000001
11000000000000000000000000000000000000000000000000000000000000000000000000000000000000000000000000000000000000000000000000000001
11000000000000000000000000000000000000000000000000000000000000000000000000000000000000000000000000000000000000000000000000000001
11000000000000000000000000000000000000000000000000000000000000000000000000000000000000000000000000000000000000000000000000000001
11000000000000000000000000000000000000000000000000000000000000000000000000000000000000000000000000000000000000000000000000000001
11000000000000000000000000000000000000000000000000000000000000000000000000000000000000000000000000000000000000000000000000000001
11000000000000000000000000000000000000000000000000000000000000000000000000000000000000000000000000000000000000000000000000000001
11000000000000000000000000000000000000000000000000000000000000000000000000000000000000000000000000000000000000000000000000000001
11000000000000000000000000000000000000000000000000000000000000000000000000000000000000000000000000000000000000000000000000000001
11000000000000000000000000000000000000000000000000000000000000000000000000000000000000000000000000000000000000000000000000000001
11000000000000000000000000000000000000000000000000000000000000000000000000000000000000000000000000000000000000000000000000000001
11000000000000000000000000000000000000000000000000000000000000000000000000000000000000000000000000000000000000000000000000000001
11000000000000000000000000000000000000000000000000000000000000000000000000000000000000000000000000000000000000000000000000000001
11000000000000000000000000000000000000000000000000000000000000000000000000000000000000000000000000000000000000000000000000000001
11000000000000000000000000000000000000000000000000000000000000000000000000000000000000000000000000000000000000000000000000000001
11000000000000000000000000000000000000000000000000000000000000000000000000000000000000000000000000000000000000000000000000000001
11000000000000000000000000000000000000000000000000000000000000000000000000000000000000000000000000000000000000000000000000000001
11000000000000000000000000000000000000000000000000000000000000000000000000000000000000000000000000000000000000000000000000000001
11000000000000000000000000000000000000000000000000000000000000000000000000000000000000000000000000000000000000000000000000000001
11000000000000000000000000000000000000000000000000000000000000000000000000000000000000000000000000000000000000000000000000000001
11000000000000000000000000000000000000000000000000000000000000000000000000000000000000000000000000000000000000000000000000000001
11000000000000000000000000000000000000000000000000000000000000000000000000000000000000000000000000000000000000000000000000000001
11000000000000000000000000000000000000000000000000000000000000000000000000000000000000000000000000000000000000000000000000000001
11000000000000000000000000000000000000000000000000000000000000000000000000000000000000000000000000000000000000000000000000000001
11000000000000000000000000000000000000000000000000000000000000000000000000000000000000000000000000000000000000000000000000000001
11000000000000000000000000000000000000000000000000000000000000000000000000000000000000000000000000000000000000000000000000000001
11000000000000000000000000000000000000000000000000000000000000000000000000000000000000000000000000000000000000000000000000000001
11000000000000000000000000000000000000000000000000000000000000000000000000000000000000000000000000000000000000000000000000000001
11000000000000000000000000000000000000000000000000000000000000000000000000000000000000000000000000000000000000000000000000000001
11000000000000000000000000000000000000000000000000000000000000000000000000000000000000000000000000000000000000000000000000000001
11000000000000000000000000000000000000000000000000000000000000000000000000000000000000000000000000000000000000000000000000000001
11000000000000000000000000000000000000000000000000000000000000000000000000000000000000000000000000000000000000000000000000000001
11000000000000000000000000000000000000000000000000000000000000000000000000000000000000000000000000000000000000000000000000000001
11000000000000000000000000000000000000000000000000000000000000000000000000000000000000000000000000000000000000000000000000000001
11000000000000000000000000000000000000000000000000000000000000000000000000000000000000000000000000000000000000000000000000000001
11000000000000000000000000000000000000000000000000000000000000000000000000000000000000000000000000000000000000000000000000000001
11000000000000000000000000000000000000000000000000000000000000000000000000000000000000000000000000000000000000000000000000000001
11000000000000000000000000000000000000000000000000000000000000000000000000000000000000000000000000000000000000000000000000000001
11000000000000000000000000000000000000000000000000000000000000000000000000000000000000000000000000000000000000000000000000000001
11000000000000000000000000000000000000000000000000000000000000000000000000000000000000000000000000000000000000000000000000000001
11000000000000000000000000000000000000000000000000000000000000000000000000000000000000000000000000000000000000000000000000000001
11000000000000000000000000000000000000000000000000000000000000000000000000000000000000000000000000000000000000000000000000000001
11000000000000000000000000000000000000000000000000000000000000000000000000000000000000000000000000000000000000000000000000000001
11000000000000000000000000000000000000000000000000000000000000000000000000000000000000000000000000000000000000000000000000000001
11000000000000000000000000000000000000000000000000000000000000000000000000000000000000000000000000000000000000000000000000000001
11000000000000000000000000000000000000000000000000000000000000000000000000000000000000000000000000000000000000000000000000000001
11000000000000000000000000000000000000000000000000000000000000000000000000000000000000000000000000000000000000000000000000000001
11000000000000000000000000000000000000000000000000000000000000000000000000000000000000000000000000000000000000000000000000000001
11000000000000000000000000000000000000000000000000000000000000000000000000000000000000000000000000000000000000000000000000000001
11000000000000000000000000000000000000000000000000000000000000000000000000000000000000000000000000000000000000000000000000000001
11000000000000000000000000000000000000000000000000000000000000000000000000000000000000000000000000000000000000000000000000000001
11000000000000000000000000000000000000000000000000000000000000000000000000000000000000000000000000000000000000000000000000000001
11000000000000000000000000000000000000000000000000000000000000000000000000000000000000000000000000000000000000000000000000000001
11000000000000000000000000000000000000000000000000000000000000000000000000000000000000000000000000000000000000000000000000000001
11000000000000000000000000000000000000000000000000000000000000000000000000000000000000000000000000000000000000000000000000000001
11000000000000000000000000000000000000000000000000000000000000000000000000000000000000000000000000000000000000000000000000000001
11000000000000000000000000000000000000000000000000000000000000000000000000000000000000000000000000000000000000000000000000000001
11000000000000000000000000000000000000000000000000000000000000000000000000000000000000000000000000000000000000000000000000000001
11000000000000000000000000000000000000000000000000000000000000000000000000000000000000000000000000000000000000000000000000000001
11000000000000000000000000000000000000000000000000000000000000000000000000000000000000000000000000000000000000000000000000000001
11000000000000000000000000000000000000000000000000000000000000000000000000000000000000000000000000000000000000000000000000000001
11000000000000000000000000000000000000000000000000000000000000000000000000000000000000000000000000000000000000000000000000000001
11000000000000000000000000000000000000000000000000000000000000000000000000000000000000000000000000000000000000000000000000000001
11000000000000000000000000000000000000000000000000000000000000000000000000000000000000000000000000000000000000000000000000000001
11000000000000000000000000000000000000000000000000000000000000000000000000000000000000000000000000000000000000000000000000000001
11000000000000000000000000000000000000000000000000000000000000000000000000000000000000000000000000000000000000000000000000000001
11000000000000000000000000000000000000000000000000000000000000000000000000000000000000000000000000000000000000000000000000000001
11000000000000000000000000000000000000000000000000000000000000000000000000000000000000000000000000000000000000000000000000000001
11000000000000000000000000000000000000000000000000000000000000000000000000000000000000000000000000000000000000000000000000000001
01000000000000000000000000000000000000000000000000000000000000000000000000000000000000000000000000000000000000000000000000000001
Red/Blue cells: 421/42
